109916764
111038207
110093261
110855089
110483937
110539460
109838902
110429600
110581771
110442436
110547951
110784280
110819930
111036496
110593731
110226424
110941402
111038821
110489205
110105343
110929019
103647622
109781235
105298237
97615279
109304262
110839391
110278901
110869098
111039007
110533630
107856373
110122256
110234011
110434146
111034901
111038736
111038957
110964540
111039516
108590478
111040361
107527092
111039572
109653753
110441651
111036812
111040196
111031963
111037080
111032510
107924368
92332757
110766114
111040399